Multiple size <= 100
TEST 1 ARG:51 69 33 3 73 35 65 74 18 86 76 5 12 90 60 59 48 22 78 6 20 77 97 63 9 7 16 70 47 1 79 83 93 37 39 72 58 88 87 98 92 62 99 14 49 17 50 10 96 4 95 8 25 29 45 42 32 75 24 53 94 84 71 82 13 55 36 66 81 30 15 21 57 54 27 80 64 89 26 91 34 85 67 68 40 46 0 43 31 2 61 44 19 38 28 11 41 52 23 56
TEST 1 ARG:51 69 33 3 73 35 65 74 18 86 76 5 12 90 60 59 48 22 78 6 20 77 97 63 9 7 16 70 47 1 79 83 93 37 39 72 58 88 87 98 92 62 99 14 49 17 50 10 96 4 95 8 25 29 45 42 32 75 24 53 94 84 71 82 13 55 36 66 81 30 15 21 57 54 27 80 64 89 26 91 34 85 67 68 40 46 0 43 31 2 61 44 19 38 28 11 41 52 23 56
TEST 2 ARG:72 71 75 89 24 93 52 10 1 31 76 47 60 64 45 73 27 38 86 32 84 49 55 9 83 98 97 65 53 14 2 66 92 87 26 7 39 33 88 19 18 95 94 11 96 70 51 3 5 29 48 50 17 91 20 62 30 54 23 69 80 46 90 40 21 67 58 57 41 68 59 99 42 4 61 36 8 79 25 56 44 78 74 43 82 16 85 28 12 63 34 35 0 77 37 15 13 22 6 81
TEST 2 ARG:72 71 75 89 24 93 52 10 1 31 76 47 60 64 45 73 27 38 86 32 84 49 55 9 83 98 97 65 53 14 2 66 92 87 26 7 39 33 88 19 18 95 94 11 96 70 51 3 5 29 48 50 17 91 20 62 30 54 23 69 80 46 90 40 21 67 58 57 41 68 59 99 42 4 61 36 8 79 25 56 44 78 74 43 82 16 85 28 12 63 34 35 0 77 37 15 13 22 6 81
TEST 3 ARG:55 87 2 63 56 97 53 36 15 43 11 5 7 66 78 82 13 4 94 38 86 50 60 64 1 12 8 44 52 88 61 89 93 99 80 62 21 41 22 0 65 75 48 68 95 57 42 35 24 31 59 46 14 6 85 17 74 23 96 19 10 26 51 28 29 3 25 20 77 34 67 84 79 71 33 70 39 76 40 69 91 98 90 83 72 92 81 49 45 16 30 37 54 32 9 73 18 58 47 27
TEST 3 ARG:55 87 2 63 56 97 53 36 15 43 11 5 7 66 78 82 13 4 94 38 86 50 60 64 1 12 8 44 52 88 61 89 93 99 80 62 21 41 22 0 65 75 48 68 95 57 42 35 24 31 59 46 14 6 85 17 74 23 96 19 10 26 51 28 29 3 25 20 77 34 67 84 79 71 33 70 39 76 40 69 91 98 90 83 72 92 81 49 45 16 30 37 54 32 9 73 18 58 47 27
TEST 4 ARG:57 83 23 3 43 66 52 32 85 11 65 98 63 28 14 59 15 70 72 58 19 81 76 80 7 38 6 45 8 90 60 31 86 93 21 49 82 71 92 97 30 46 16 54 61 40 96 89 37 9 75 53 18 84 64 47 12 74 39 36 34 94 42 99 69 62 67 0 17 51 35 79 33 68 77 91 22 48 4 95 10 24 87 27 50 26 29 13 5 73 2 25 88 44 55 41 20 78 56 1
TEST 4 ARG:57 83 23 3 43 66 52 32 85 11 65 98 63 28 14 59 15 70 72 58 19 81 76 80 7 38 6 45 8 90 60 31 86 93 21 49 82 71 92 97 30 46 16 54 61 40 96 89 37 9 75 53 18 84 64 47 12 74 39 36 34 94 42 99 69 62 67 0 17 51 35 79 33 68 77 91 22 48 4 95 10 24 87 27 50 26 29 13 5 73 2 25 88 44 55 41 20 78 56 1
TEST 5 ARG:88 53 62 67 36 6 32 37 79 72 94 58 29 49 31 33 77 28 0 54 69 39 34 63 20 61 56 66 51 18 10 73 52 35 95 41 68 48 50 27 40 12 57 17 87 42 84 9 90 19 3 22 55 59 1 93 15 89 86 91 82 83 38 70 80 46 65 97 11 96 8 44 45 81 2 13 43 21 75 85 24 78 99 74 5 47 64 30 25 71 26 14 60 92 98 7 4 16 76 23
TEST 5 ARG:88 53 62 67 36 6 32 37 79 72 94 58 29 49 31 33 77 28 0 54 69 39 34 63 20 61 56 66 51 18 10 73 52 35 95 41 68 48 50 27 40 12 57 17 87 42 84 9 90 19 3 22 55 59 1 93 15 89 86 91 82 83 38 70 80 46 65 97 11 96 8 44 45 81 2 13 43 21 75 85 24 78 99 74 5 47 64 30 25 71 26 14 60 92 98 7 4 16 76 23
TEST 6 ARG:91 5 69 84 95 57 42 20 77 60 80 46 74 31 50 99 52 88 97 59 24 66 55 49 83 15 14 33 75 26 21 85 6 19 36 25 72 51 7 35 8 13 93 48 71 53 58 23 40 34 39 70 16 98 4 27 44 12 32 79 1 2 73 67 81 89 3 96 82 56 45 54 43 68 86 41 90 17 37 47 92 10 94 30 28 62 64 29 9 38 61 22 11 65 18 76 63 87 78 0
TEST 6 ARG:91 5 69 84 95 57 42 20 77 60 80 46 74 31 50 99 52 88 97 59 24 66 55 49 83 15 14 33 75 26 21 85 6 19 36 25 72 51 7 35 8 13 93 48 71 53 58 23 40 34 39 70 16 98 4 27 44 12 32 79 1 2 73 67 81 89 3 96 82 56 45 54 43 68 86 41 90 17 37 47 92 10 94 30 28 62 64 29 9 38 61 22 11 65 18 76 63 87 78 0
TEST 7 ARG:82 97 7 5 49 52 10 54 99 16 88 96 76 22 43 56 46 73 78 53 81 35 25 36 28 72 15 70 50 41 74 93 79 86 14 75 55 9 87 60 89 68 77 20 26 71 27 67 21 61 47 33 11 98 0 65 57 2 3 23 51 40 64 32 84 19 59 29 31 18 4 12 37 58 1 13 90 94 48 91 42 69 30 6 95 83 8 45 38 34 62 24 44 80 63 39 17 85 66 92
TEST 7 ARG:82 97 7 5 49 52 10 54 99 16 88 96 76 22 43 56 46 73 78 53 81 35 25 36 28 72 15 70 50 41 74 93 79 86 14 75 55 9 87 60 89 68 77 20 26 71 27 67 21 61 47 33 11 98 0 65 57 2 3 23 51 40 64 32 84 19 59 29 31 18 4 12 37 58 1 13 90 94 48 91 42 69 30 6 95 83 8 45 38 34 62 24 44 80 63 39 17 85 66 92
TEST 8 ARG:75 89 70 50 42 26 83 27 6 17 64 30 46 54 28 5 55 2 96 68 38 18 95 43 14 63 85 82 53 29 0 78 62 23 97 32 16 81 88 1 91 48 10 25 41 51 21 49 31 90 15 37 13 71 8 65 22 74 84 39 61 69 45 56 60 57 36 86 66 19 58 44 77 73 33 34 94 20 98 59 9 67 35 99 24 93 80 3 4 72 92 47 40 52 7 11 87 76 12 79
TEST 8 ARG:75 89 70 50 42 26 83 27 6 17 64 30 46 54 28 5 55 2 96 68 38 18 95 43 14 63 85 82 53 29 0 78 62 23 97 32 16 81 88 1 91 48 10 25 41 51 21 49 31 90 15 37 13 71 8 65 22 74 84 39 61 69 45 56 60 57 36 86 66 19 58 44 77 73 33 34 94 20 98 59 9 67 35 99 24 93 80 3 4 72 92 47 40 52 7 11 87 76 12 79
TEST 9 ARG:96 61 60 56 35 94 51 62 22 52 68 45 74 88 73 97 32 18 87 49 53 66 65 41 14 3 46 64 69 16 85 50 67 79 93 99 9 90 33 42 43 11 29 24 77 84 63 0 7 40 83 48 76 36 91 30 31 92 71 1 57 54 23 44 58 12 8 6 80 34 82 55 37 19 89 20 47 5 95 15 10 2 38 98 70 13 27 59 26 17 78 72 86 75 21 39 4 81 25 28
TEST 9 ARG:96 61 60 56 35 94 51 62 22 52 68 45 74 88 73 97 32 18 87 49 53 66 65 41 14 3 46 64 69 16 85 50 67 79 93 99 9 90 33 42 43 11 29 24 77 84 63 0 7 40 83 48 76 36 91 30 31 92 71 1 57 54 23 44 58 12 8 6 80 34 82 55 37 19 89 20 47 5 95 15 10 2 38 98 70 13 27 59 26 17 78 72 86 75 21 39 4 81 25 28
TEST 10 ARG:7 11 53 38 80 83 77 15 28 89 46 88 33 45 52 3 69 70 22 93 19 36 61 39 35 21 42 58 57 73 27 34 59 26 76 0 32 91 6 67 51 5 60 55 98 82 79 24 20 85 10 48 44 86 84 92 31 56 13 62 72 66 63 29 99 94 81 12 41 71 87 9 78 65 68 47 4 16 18 14 25 43 8 54 37 23 97 49 64 2 17 96 1 95 50 40 75 74 30 90
TEST 10 ARG:7 11 53 38 80 83 77 15 28 89 46 88 33 45 52 3 69 70 22 93 19 36 61 39 35 21 42 58 57 73 27 34 59 26 76 0 32 91 6 67 51 5 60 55 98 82 79 24 20 85 10 48 44 86 84 92 31 56 13 62 72 66 63 29 99 94 81 12 41 71 87 9 78 65 68 47 4 16 18 14 25 43 8 54 37 23 97 49 64 2 17 96 1 95 50 40 75 74 30 90
TEST 11 ARG:65 48 96 37 94 46 35 90 18 5 77 95 19 93 81 68 57 38 79 23 36 32 75 53 52 86 71 7 67 66 34 60 39 33 73 8 80 11 45 0 98 85 82 4 43 13 40 28 74 29 31 55 58 62 83 51 6 15 30 64 88 47 63 17 2 16 99 22 56 76 91 87 50 41 89 92 54 1 10 59 49 20 42 69 12 24 97 70 44 3 27 61 78 9 25 72 21 26 84 14
TEST 11 ARG:65 48 96 37 94 46 35 90 18 5 77 95 19 93 81 68 57 38 79 23 36 32 75 53 52 86 71 7 67 66 34 60 39 33 73 8 80 11 45 0 98 85 82 4 43 13 40 28 74 29 31 55 58 62 83 51 6 15 30 64 88 47 63 17 2 16 99 22 56 76 91 87 50 41 89 92 54 1 10 59 49 20 42 69 12 24 97 70 44 3 27 61 78 9 25 72 21 26 84 14
TEST 12 ARG:8 53 37 72 80 30 23 34 24 59 81 75 3 51 14 68 15 29 39 27 4 64 98 63 83 13 22 86 9 20 88 70 78 58 21 99 84 91 76 94 1 87 35 50 32 65 48 43 16 46 33 97 38 54 6 93 82 12 41 60 44 90 62 71 57 66 47 7 61 0 69 31 89 96 28 49 10 92 42 73 5 2 19 56 36 25 40 77 67 79 18 95 45 55 74 85 52 26 17 11
TEST 12 ARG:8 53 37 72 80 30 23 34 24 59 81 75 3 51 14 68 15 29 39 27 4 64 98 63 83 13 22 86 9 20 88 70 78 58 21 99 84 91 76 94 1 87 35 50 32 65 48 43 16 46 33 97 38 54 6 93 82 12 41 60 44 90 62 71 57 66 47 7 61 0 69 31 89 96 28 49 10 92 42 73 5 2 19 56 36 25 40 77 67 79 18 95 45 55 74 85 52 26 17 11
TEST 13 ARG:0 2 12 90 88 49 20 5 7 71 21 22 47 10 59 23 60 16 35 89 53 85 81 9 8 97 40 13 41 72 99 1 18 25 87 45 28 91 54 93 95 26 14 92 56 62 44 32 37 61 63 38 4 52 80 94 15 77 50 48 33 24 30 31 39 98 43 86 17 74 76 64 75 69 79 83 65 42 67 84 73 58 55 11 27 82 19 34 36 51 96 3 66 29 57 70 6 68 78 46
TEST 13 ARG:0 2 12 90 88 49 20 5 7 71 21 22 47 10 59 23 60 16 35 89 53 85 81 9 8 97 40 13 41 72 99 1 18 25 87 45 28 91 54 93 95 26 14 92 56 62 44 32 37 61 63 38 4 52 80 94 15 77 50 48 33 24 30 31 39 98 43 86 17 74 76 64 75 69 79 83 65 42 67 84 73 58 55 11 27 82 19 34 36 51 96 3 66 29 57 70 6 68 78 46
TEST 14 ARG:51 35 62 12 47 30 93 34 75 10 80 22 79 27 96 1 40 58 60 53 78 61 3 31 20 52 32 17 19 15 37 87 74 26 42 68 63 56 98 82 28 94 14 38 77 84 71 24 91 57 72 23 95 64 45 66 6 88 13 48 65 59 89 18 92 76 97 86 90 9 73 2 8 21 83 44 7 29 54 69 4 46 11 0 5 36 41 55 81 43 85 49 39 16 67 99 25 33 70 50
TEST 14 ARG:51 35 62 12 47 30 93 34 75 10 80 22 79 27 96 1 40 58 60 53 78 61 3 31 20 52 32 17 19 15 37 87 74 26 42 68 63 56 98 82 28 94 14 38 77 84 71 24 91 57 72 23 95 64 45 66 6 88 13 48 65 59 89 18 92 76 97 86 90 9 73 2 8 21 83 44 7 29 54 69 4 46 11 0 5 36 41 55 81 43 85 49 39 16 67 99 25 33 70 50
TEST 15 ARG:94 62 22 56 97 76 59 30 96 84 41 50 3 36 89 99 75 24 0 35 27 17 43 88 66 23 54 5 20 48 39 85 64 44 6 78 91 14 74 65 93 18 2 77 42 92 19 32 51 81 10 55 29 60 57 9 90 40 12 26 83 67 71 1 25 37 47 52 61 86 73 7 98 8 46 63 38 72 11 13 31 16 33 68 80 79 34 28 70 53 49 4 45 21 58 82 95 15 87 69
TEST 15 ARG:94 62 22 56 97 76 59 30 96 84 41 50 3 36 89 99 75 24 0 35 27 17 43 88 66 23 54 5 20 48 39 85 64 44 6 78 91 14 74 65 93 18 2 77 42 92 19 32 51 81 10 55 29 60 57 9 90 40 12 26 83 67 71 1 25 37 47 52 61 86 73 7 98 8 46 63 38 72 11 13 31 16 33 68 80 79 34 28 70 53 49 4 45 21 58 82 95 15 87 69
TEST 16 ARG:43 75 5 97 17 80 79 53 33 30 98 28 84 94 4 70 78 92 22 27 40 63 58 24 89 85 14 73 60 55 23 65 38 41 91 71 16 52 3 66 29 45 82 87 90 0 47 25 64 20 35 32 2 54 12 8 77 19 74 36 50 51 42 46 31 83 88 1 61 11 10 49 6 68 96 86 37 13 39 26 69 9 72 21 95 57 99 15 62 93 48 67 7 56 81 44 34 76 18 59
TEST 16 ARG:43 75 5 97 17 80 79 53 33 30 98 28 84 94 4 70 78 92 22 27 40 63 58 24 89 85 14 73 60 55 23 65 38 41 91 71 16 52 3 66 29 45 82 87 90 0 47 25 64 20 35 32 2 54 12 8 77 19 74 36 50 51 42 46 31 83 88 1 61 11 10 49 6 68 96 86 37 13 39 26 69 9 72 21 95 57 99 15 62 93 48 67 7 56 81 44 34 76 18 59
TEST 17 ARG:11 99 78 5 10 50 26 7 30 2 63 12 3 66 17 52 93 46 25 61 16 68 54 76 9 86 8 6 14 37 88 48 18 92 33 31 87 22 75 84 4 35 15 55 39 28 95 91 79 51 34 60 56 45 85 21 38 81 47 59 24 62 57 80 44 42 73 83 36 43 67 82 32 40 77 23 74 64 69 29 94 70 0 97 89 58 13 1 72 90 71 27 96 20 19 49 65 53 98 41
TEST 17 ARG:11 99 78 5 10 50 26 7 30 2 63 12 3 66 17 52 93 46 25 61 16 68 54 76 9 86 8 6 14 37 88 48 18 92 33 31 87 22 75 84 4 35 15 55 39 28 95 91 79 51 34 60 56 45 85 21 38 81 47 59 24 62 57 80 44 42 73 83 36 43 67 82 32 40 77 23 74 64 69 29 94 70 0 97 89 58 13 1 72 90 71 27 96 20 19 49 65 53 98 41
