Multiple size <= 100
TEST 1 ARG:42 58 17 22 23 75 91 12 46 26 74 92 77 7 33 56 68 90 78 4 41 11 66 13 70 21 40 67 76 32 96 29 28 54 85 9 63 0 55 44 87 62 31 50 30 82 73 95 97 5 83 39 1 89 69 53 8 71 99 20 24 2 35 43 98 14 64 59 45 37 3 6 93 10 34 48 86 15 51 65 60 57 61 81 36 79 84 18 88 80 27 38 52 16 94 47 19 49 25 72
TEST 2 ARG:19 34 30 72 9 23 51 45 91 7 20 86 69 88 48 96 42 98 70 36 6 28 39 76 25 10 31 97 43 59 16 57 64 26 37 27 77 50 52 40 53 60 84 47 15 81 87 14 3 99 8 18 24 35 5 93 41 17 4 1 21 0 49 83 73 66 22 33 94 2 82 11 38 13 67 44 46 90 68 58 63 71 80 32 54 95 79 29 78 75 12 74 92 85 61 62 55 65 89 56
TEST 3 ARG:13 95 1 22 82 37 41 15 11 84 77 80 85 61 4 56 25 29 2 46 68 7 21 33 93 89 45 60 14 53 91 44 18 69 75 96 49 70 9 34 74 73 48 94 32 79 55 43 28 42 72 66 38 6 16 35 99 3 39 50 8 54 47 81 17 78 5 24 51 30 52 27 98 10 40 59 87 86 19 58 90 67 36 97 63 20 76 62 92 65 88 26 23 83 12 57 31 71 64 0
TEST 4 ARG:10 4 79 29 15 70 48 76 49 23 36 50 16 28 8 62 24 46 56 86 71 90 80 63 37 35 21 93 32 19 61 81 69 31 84 99 65 33 6 96 20 88 25 52 47 34 54 3 53 97 94 41 92 83 27 11 13 26 42 40 38 30 17 59 55 87 74 44 18 39 60 67 75 58 14 0 57 77 12 91 51 85 95 2 45 98 78 66 72 5 68 89 64 82 22 43 9 7 73 1
TEST 5 ARG:8 75 49 5 21 42 11 28 66 97 51 80 78 56 55 59 43 61 2 68 36 37 87 88 38 26 35 81 57 24 89 53 98 85 60 39 18 94 58 62 73 13 10 19 3 6 40 14 82 17 20 12 1 92 79 33 84 50 0 67 91 16 74 15 83 64 96 29 7 31 90 99 72 30 76 95 9 22 77 69 34 23 41 71 48 54 63 46 44 86 27 45 32 93 4 47 52 70 65 25
TEST 6 ARG:93 40 64 83 10 12 41 75 96 48 7 55 74 46 52 17 44 13 53 1 90 98 51 97 57 22 2 3 39 5 84 72 42 38 60 85 69 23 35 29 56 15 61 19 99 11 94 88 4 27 18 25 43 50 9 91 54 34 16 95 24 81 33 71 70 8 63 79 77 65 86 21 37 49 87 78 80 36 45 73 32 76 58 92 30 26 82 62 0 28 59 47 89 68 6 66 67 14 20 31
TEST 7 ARG:41 46 17 63 13 37 80 95 82 24 77 1 36 28 68 42 69 55 10 50 26 86 2 33 20 78 61 16 14 85 52 57 19 3 58 92 51 73 75 60 48 30 64 81 12 96 53 72 40 31 76 54 70 90 6 9 99 23 34 56 84 25 5 15 29 38 0 79 91 45 74 59 83 98 67 39 8 11 97 88 87 35 89 94 27 65 21 18 93 32 44 62 4 22 49 47 43 7 66 71
TEST 8 ARG:49 77 75 2 89 60 3 26 74 39 41 29 56 18 40 85 9 13 82 7 86 64 32 31 72 51 36 99 42 66 47 97 34 44 14 27 24 6 83 12 50 0 94 79 92 21 30 91 70 35 45 19 88 53 59 37 78 71 22 62 61 73 58 84 57 63 98 69 5 20 52 25 33 15 87 67 1 16 68 95 81 17 46 90 38 76 96 43 8 93 4 54 28 80 48 23 65 11 55 10
TEST 9 ARG:30 69 71 89 84 26 41 94 74 37 81 93 14 92 99 32 21 56 55 49 46 4 78 5 97 42 68 16 17 8 33 47 86 66 67 77 0 10 40 79 28 3 45 59 48 23 82 44 11 24 60 18 43 7 2 62 91 9 54 87 15 6 61 88 65 20 12 96 25 19 52 38 76 39 80 64 34 70 31 95 75 85 1 50 57 51 13 98 58 83 63 35 73 22 27 72 36 29 90 53
TEST 10 ARG:26 39 37 5 17 6 76 22 16 32 20 31 43 27 21 87 2 38 94 99 14 57 42 97 18 54 74 73 60 82 81 11 80 70 88 33 68 34 59 41 47 46 56 71 45 10 52 98 1 66 50 12 0 7 90 49 72 53 62 4 58 44 67 40 84 28 30 77 69 83 25 9 95 29 79 3 35 63 23 86 15 61 96 91 19 8 65 93 48 92 13 24 75 51 36 64 55 78 89 85
TEST 11 ARG:72 75 5 7 86 78 14 93 82 81 80 10 3 31 73 70 96 2 42 66 55 56 6 33 16 54 79 77 84 8 74 57 24 99 9 76 23 29 4 50 20 47 63 32 18 41 25 48 88 37 71 52 95 91 17 62 65 53 13 21 64 61 87 69 12 67 49 45 68 11 94 0 34 38 35 43 83 51 46 19 97 90 40 22 27 60 28 26 39 85 89 15 30 59 58 1 36 98 44 92
TEST 12 ARG:75 17 79 80 72 71 73 87 33 20 16 27 77 48 54 13 55 67 7 38 81 5 74 83 6 29 66 36 25 69 44 76 43 93 32 14 2 85 60 57 12 24 0 41 84 40 96 98 94 58 4 26 49 68 19 8 45 88 3 89 51 35 23 47 1 97 53 63 15 30 10 62 37 64 90 22 11 59 95 65 28 82 91 39 9 99 42 21 52 18 61 92 56 50 31 70 78 34 46 86
TEST 13 ARG:79 26 50 90 17 5 43 41 4 55 57 25 18 94 37 52 59 27 77 45 21 38 92 34 22 23 8 13 39 16 60 3 97 28 32 78 75 10 68 29 61 62 19 64 46 81 70 15 9 73 51 87 53 63 58 80 69 86 2 31 20 42 95 49 12 30 66 36 85 11 93 54 24 74 91 72 1 88 99 82 65 89 76 96 33 83 56 84 67 14 7 44 48 0 6 71 35 98 47 40
TEST 14 ARG:45 53 23 96 34 2 3 44 94 74 58 52 86 61 63 41 46 5 87 80 89 70 71 97 47 91 76 68 30 99 62 7 14 39 88 38 9 19 12 56 64 26 67 21 11 78 13 42 93 48 51 17 95 31 18 40 77 65 28 83 84 10 69 36 8 20 0 43 98 60 59 66 50 32 4 54 35 1 15 82 92 25 27 16 29 49 22 37 81 73 57 24 79 72 33 75 6 85 55 90
TEST 15 ARG:14 34 95 91 35 52 10 38 53 44 66 46 8 80 33 56 7 77 27 31 30 97 74 4 65 85 0 19 93 90 24 40 29 22 76 86 57 2 28 60 71 89 81 12 15 70 11 25 62 92 83 69 63 94 48 98 32 39 61 18 13 72 87 1 73 41 79 82 49 21 64 36 16 42 99 68 75 50 84 3 6 23 17 26 67 55 9 59 37 96 88 58 51 5 20 47 78 54 45 43
TEST 16 ARG:69 76 94 32 99 14 49 77 7 57 96 33 47 62 45 51 18 75 80 17 26 28 64 27 43 40 92 48 37 86 10 68 39 84 6 1 31 90 85 38 22 82 59 25 42 87 56 58 8 41 89 34 12 72 67 19 16 0 98 54 63 55 74 79 36 52 95 2 97 44 29 20 73 9 60 70 66 11 5 81 93 4 83 15 3 21 65 13 23 91 46 50 53 30 35 71 24 78 61 88
TEST 17 ARG:59 58 77 8 46 42 87 64 84 88 91 16 2 38 28 89 95 80 60 0 73 86 56 34 17 33 39 25 71 50 14 3 36 15 43 40 19 99 6 97 22 41 47 48 81 96 85 74 68 63 76 4 51 82 30 83 67 57 26 55 11 12 75 13 31 45 21 53 35 93 10 72 66 70 94 90 32 61 37 20 18 1 62 69 92 52 78 5 54 65 44 98 29 23 79 24 9 27 49 7
TEST 18 ARG:28 3 87 11 49 40 80 15 89 13 43 24 8 57 61 73 66 53 44 62 88 39 12 56 72 6 81 71 45 35 79 58 78 77 37 18 10 16 50 1 54 76 0 74 42 27 20 41 86 4 91 17 14 94 51 90 5 47 84 19 60 29 7 69 85 21 30 64 33 2 32 67 82 96 68 83 63 26 97 95 59 93 55 23 75 70 22 31 25 48 92 34 98 65 52 36 46 99 9 38
TEST 19 ARG:37 71 83 94 53 45 15 99 24 77 95 87 67 41 28 76 0 19 63 29 74 91 78 31 20 69 73 66 12 32 35 13 34 65 46 47 79 85 40 3 23 89 68 70 17 55 58 2 21 82 22 64 52 96 88 39 49 93 8 14 57 60 56 5 25 72 61 98 7 18 4 6 16 51 38 48 90 92 97 59 1 33 27 10 50 86 81 80 30 42 44 26 75 62 43 9 84 36 54 11
TEST 20 ARG:53 44 51 36 72 3 62 60 27 63 28 87 0 1 92 76 75 64 58 23 78 88 12 40 32 93 10 48 21 43 65 11 18 74 22 68 39 90 42 56 55 54 95 98 97 67 31 79 35 2 77 59 83 96 52 82 84 34 70 38 91 85 29 46 9 30 89 8 66 24 45 73 17 7 37 81 49 69 20 26 47 33 6 16 25 86 4 94 99 50 71 41 15 61 80 19 13 5 14 57
TEST 21 ARG:37 61 22 96 94 63 46 29 34 38 71 66 81 17 44 64 82 39 75 84 33 1 49 20 19 54 3 41 69 74 13 60 95 62 36 6 58 70 25 14 85 91 68 90 8 12 98 32 18 73 11 87 79 89 72 88 42 28 31 97 65 26 47 51 86 50 78 67 48 56 23 30 99 16 57 7 80 24 76 83 77 21 59 55 9 53 52 45 2 4 43 92 40 15 27 35 10 5 93 0
TEST 22 ARG:59 93 34 67 58 88 74 91 37 78 99 8 30 49 22 3 24 87 33 21 35 14 47 23 76 5 1 17 62 27 96 12 64 51 79 69 89 9 39 45 15 11 83 19 92 20 73 61 94 0 95 46 32 25 86 40 80 53 70 4 66 75 81 68 72 43 71 44 36 6 13 55 48 63 52 2 29 42 98 50 7 18 41 10 82 65 85 16 38 54 97 31 90 60 26 56 28 57 84 77
TEST 23 ARG:59 78 77 69 60 43 93 32 54 45 14 17 73 35 22 58 23 82 29 62 41 48 40 15 4 6 0 19 25 65 96 75 28 37 49 56 79 47 44 89 42 85 3 21 91 97 64 98 83 74 10 13 72 7 36 5 71 33 52 16 26 53 9 68 90 11 30 2 84 88 1 80 92 61 63 87 81 99 31 12 27 70 18 86 20 34 66 8 67 95 38 76 24 94 50 57 46 55 39 51
TEST 24 ARG:36 16 83 41 1 30 37 60 28 6 57 82 46 42 51 71 33 9 64 22 92 70 48 13 38 3 15 67 47 50 55 79 44 56 29 90 59 66 11 78 18 98 8 27 75 62 80 32 21 26 95 74 99 10 97 93 68 2 81 45 49 96 43 85 14 87 35 24 58 89 5 65 88 34 23 0 72 91 39 73 54 4 53 25 63 19 84 17 7 40 20 94 12 76 77 61 52 86 69 31
TEST 25 ARG:94 69 16 55 92 76 14 38 5 77 23 21 79 65 51 34 1 63 33 68 26 31 50 39 71 22 57 59 36 9 98 96 75 12 47 42 19 89 86 80 61 70 66 18 2 37 72 88 91 13 73 97 64 78 11 67 95 87 46 6 54 10 25 40 93 8 52 58 60 74 56 24 48 4 7 49 0 41 44 84 43 3 62 35 45 53 15 28 82 99 30 20 17 32 85 90 83 27 81 29
TEST 26 ARG:7 93 63 35 2 48 83 92 3 20 75 77 86 97 5 72 59 96 89 73 43 27 84 8 24 30 15 31 58 42 39 10 50 82 55 33 54 32 41 79 40 19 37 56 81 87 28 45 65 49 67 4 22 66 70 1 60 23 80 90 16 46 64 17 69 98 12 25 26 0 85 38 61 11 95 99 71 34 91 53 18 88 76 13 57 14 94 78 6 52 47 21 68 74 29 36 9 44 62 51
TEST 27 ARG:16 66 41 55 44 77 9 74 21 61 86 49 88 23 95 27 84 1 4 40 96 72 75 78 32 89 59 90 63 83 12 33 97 64 54 69 58 98 57 10 79 65 8 85 20 37 13 17 26 81 93 50 80 92 70 15 30 56 43 35 14 99 76 28 3 94 60 31 48 52 53 71 51 87 7 25 19 39 68 42 36 38 2 47 91 22 29 0 62 67 73 5 11 6 24 46 34 18 45 82
TEST 28 ARG:24 77 41 80 4 88 18 71 43 60 1 23 35 28 42 83 19 6 20 22 12 15 63 93 49 5 31 27 51 36 30 62 37 3 64 50 45 81 61 39 53 16 73 70 91 92 2 29 96 55 44 98 82 66 48 34 67 21 85 74 10 46 90 0 14 89 84 40 56 76 95 94 52 13 68 58 9 25 26 32 54 57 99 97 87 59 38 78 7 75 69 17 11 47 65 8 86 33 72 79
TEST 29 ARG:9 95 69 88 1 3 43 36 97 42 70 12 11 53 78 54 22 85 33 25 21 57 26 30 90 8 48 10 32 81 35 76 66 83 84 19 31 45 29 63 74 64 13 4 55 24 50 2 17 15 58 93 98 56 92 38 7 6 89 20 37 34 46 99 62 73 28 0 65 77 5 59 52 39 44 80 87 72 40 47 49 18 61 86 23 96 68 27 79 67 94 75 41 51 14 71 91 60 16 82
TEST 30 ARG:68 65 45 5 15 13 82 80 95 78 21 37 10 59 23 96 39 57 86 29 99 73 20 54 11 25 53 0 49 2 72 76 71 19 38 42 87 4 52 83 51 91 9 92 7 43 32 28 41 79 58 47 35 63 75 62 30 26 16 61 98 64 81 55 85 90 66 77 17 18 31 34 27 60 6 84 36 33 94 44 8 74 50 1 46 3 56 48 69 88 12 97 24 93 40 22 89 67 70 14
TEST 31 ARG:5 78 62 54 44 89 73 39 40 35 26 47 2 80 76 55 97 75 49 1 37 6 9 14 79 63 69 18 38 88 7 4 68 95 10 91 11 58 32 92 50 94 8 72 42 71 60 57 45 33 67 83 25 98 29 51 61 34 84 52 23 43 82 27 16 81 15 28 21 13 59 24 53 87 96 77 19 36 0 22 31 65 3 86 20 64 66 74 70 48 90 99 30 85 12 41 46 56 17 93
TEST 32 ARG:65 25 35 37 31 62 11 52 4 22 99 78 91 19 76 73 84 13 48 66 16 56 32 57 8 55 74 94 86 2 95 67 6 44 93 38 70 96 15 81 71 27 50 90 28 63 87 88 92 20 10 82 64 18 0 17 72 33 23 75 58 7 83 51 30 68 54 24 36 47 79 41 34 3 69 77 80 12 40 9 53 49 29 21 60 45 26 46 89 42 59 61 1 98 85 43 5 97 14 39
TEST 33 ARG:92 30 84 2 74 86 32 35 14 59 89 26 3 17 99 65 71 20 94 46 78 33 53 98 36 6 81 96 54 51 90 91 27 38 87 7 16 34 45 70 93 44 8 80 22 37 11 40 12 77 42 52 60 43 61 49 29 10 48 63 97 56 95 9 64 57 82 68 75 4 69 41 73 0 25 55 50 18 85 47 62 23 24 5 83 88 66 15 58 31 39 28 67 72 21 76 79 19 1 13
